eval_loss = 0.540569007396698
eval_precision = 0.6351351351351351
eval_recall = 0.2712486883525708
eval_f1 = 0.3801470588235294
eval_runtime = 4.0982
eval_samples_per_second = 101.02
epoch = 3.0
eval_mem_cpu_alloc_delta = 2212191
eval_mem_gpu_alloc_delta = 0
eval_mem_cpu_peaked_delta = 1207936
eval_mem_gpu_peaked_delta = 474975744
