eval_loss = 0.14983434975147247
eval_precision = 0.9558823529411765
eval_recall = 0.9466019417475728
eval_f1 = 0.951219512195122
eval_runtime = 5.567
eval_samples_per_second = 74.367
epoch = 20.0
eval_mem_cpu_alloc_delta = 2212531
eval_mem_gpu_alloc_delta = 0
eval_mem_cpu_peaked_delta = 1187869
eval_mem_gpu_peaked_delta = 1135213568
